# Player Status — Stats, ATK, DEF and Attribute Breakdown (Part 2)

== Stats by Class ==
Hunter
Lv | HP | Attack | Defense | BP
1 | 300 | 450 | 304 | 602
2 | 303 | 459 | 309 | 613.5
3 | 306 | 467 | 313 | 623.5
4 | 309 | 476 | 318 | 635
5 | 312 | 486 | 323 | 647.5
6 | 315 | 495 | 328 | 659
7 | 318 | 505 | 333 | 671.5
8 | 321 | 514 | 338 | 683
9 | 324 | 524 | 343 | 695.5
10 | 328 | 534 | 349 | 708.5
11 | 331 | 545 | 354 | 722
12 | 334 | 555 | 359 | 734.5
13 | 337 | 566 | 365 | 748.5
14 | 341 | 577 | 370 | 762
15 | 344 | 588 | 376 | 776
16 | 347 | 599 | 382 | 790
17 | 351 | 610 | 388 | 804
18 | 354 | 622 | 394 | 819
19 | 358 | 634 | 400 | 834
20 | 361 | 646 | 406 | 849
21 | 365 | 659 | 412 | 865
22 | 368 | 672 | 418 | 881
23 | 372 | 684 | 425 | 896.5
24 | 375 | 698 | 431 | 913.5
25 | 379 | 711 | 438 | 930
26 | 383 | 725 | 445 | 947.5
27 | 387 | 739 | 452 | 965
28 | 390 | 753 | 459 | 982.5
29 | 394 | 767 | 466 | 1000
30 | 398 | 782 | 473 | 1018.5
31 | 402 | 797 | 480 | 1037
32 | 406 | 813 | 487 | 1056.5
33 | 410 | 828 | 495 | 1075.5
34 | 414 | 844 | 503 | 1095.5
35 | 418 | 860 | 510 | 1115
36 | 422 | 877 | 518 | 1136
37 | 426 | 894 | 526 | 1157
38 | 430 | 911 | 534 | 1178
39 | 435 | 929 | 542 | 1200
40 | 439 | 946 | 551 | 1221.5
41 | 443 | 965 | 559 | 1244.5
42 | 448 | 983 | 568 | 1267
43 | 452 | 1002 | 577 | 1290.5
44 | 456 | 1021 | 586 | 1314
45 | 461 | 1041 | 595 | 1338.5
46 | 465 | 1061 | 604 | 1363
47 | 470 | 1081 | 613 | 1387.5
48 | 475 | 1102 | 622 | 1413
49 | 479 | 1124 | 632 | 1440
50 | 484 | 1145 | 642 | 1466
51 | 489 | 1167 | 652 | 1493
52 | 493 | 1190 | 662 | 1521
53 | 498 | 1213 | 672 | 1549
54 | 503 | 1236 | 682 | 1577
55 | 508 | 1260 | 693 | 1606.5
56 | 513 | 1284 | 703 | 1635.5
57 | 518 | 1309 | 714 | 1666
58 | 523 | 1334 | 725 | 1696.5
59 | 528 | 1359 | 737 | 1727.5
60 | 534 | 1386 | 748 | 1760
61 | 539 | 1412 | 759 | 1791.5
62 | 544 | 1439 | 771 | 1824.5
63 | 549 | 1467 | 783 | 1858.5
64 | 555 | 1495 | 795 | 1892.5
65 | 560 | 1524 | 807 | 1927.5
66 | 566 | 1554 | 820 | 1964
67 | 571 | 1583 | 833 | 1999.5
68 | 577 | 1614 | 845 | 2036.5
69 | 582 | 1645 | 858 | 2074
70 | 588 | 1677 | 872 | 2113
71 | 594 | 1709 | 885 | 2151.5
72 | 600 | 1742 | 899 | 2191.5
73 | 606 | 1775 | 913 | 2231.5
74 | 612 | 1809 | 927 | 2272.5
75 | 618 | 1844 | 941 | 2314.5
76 | 623 | 1850 | 944 | 2322
77 | 628 | 1856 | 947 | 2329.5
78 | 633 | 1862 | 950 | 2337
79 | 638 | 1868 | 953 | 2344.5
80 | 643 | 1874 | 956 | 2352
81 | 648 | 1880 | 959 | 2359.5
82 | 653 | 1886 | 962 | 2367
83 | 658 | 1892 | 965 | 2374.5
84 | 663 | 1898 | 968 | 2382
85 | 668 | 1904 | 971 | 2389.5
86 | 673 | 1910 | 974 | 2397
87 | 678 | 1916 | 977 | 2404.5
88 | 683 | 1922 | 980 | 2412
89 | 688 | 1928 | 983 | 2419.5
90 | 693 | 1934 | 986 | 2427
91 | 698 | 1940 | 989 | 2434.5
92 | 703 | 1946 | 992 | 2442
93 | 708 | 1952 | 995 | 2449.5
94 | 713 | 1958 | 998 | 2457
95 | 718 | 1964 | 1001 | 2464.5
96 | 723 | 1970 | 1004 | 2472
97 | 728 | 1976 | 1007 | 2479.5
98 | 733 | 1982 | 1010 | 2487
99 | 738 | 1988 | 1013 | 2494.5
100 | 743 | 1994 | 1016 | 2502
101 | 748 | 2000 | 1019 | 2509.5
102 | 753 | 2006 | 1022 | 2517
103 | 758 | 2012 | 1025 | 2524.5
104 | 763 | 2018 | 1028 | 2532
105 | 768 | 2024 | 1031 | 2539.5
106 | 773 | 2030 | 1034 | 2547
107 | 778 | 2036 | 1037 | 2554.5
108 | 783 | 2042 | 1040 | 2562
109 | 788 | 2048 | 1043 | 2569.5
110 | 793 | 2054 | 1046 | 2577
111 | 798 | 2060 | 1049 | 2584.5
112 | 803 | 2066 | 1052 | 2592
113 | 808 | 2072 | 1055 | 2599.5
114 | 813 | 2078 | 1058 | 2607
115 | 818 | 2084 | 1061 | 2614.5
Lv | HP | Attack | Defense | BP
Fighter
Lv | HP | Attack | Defense | BP
1 | 280 | 454 | 301 | 604.5
2 | 283 | 463 | 306 | 616
3 | 286 | 471 | 310 | 626
4 | 288 | 480 | 315 | 637.5
5 | 291 | 490 | 320 | 650
6 | 294 | 499 | 325 | 661.5
7 | 297 | 509 | 330 | 674
8 | 300 | 518 | 335 | 685.5
9 | 303 | 528 | 340 | 698
10 | 306 | 538 | 346 | 711
11 | 309 | 549 | 351 | 724.5
12 | 312 | 559 | 356 | 737
13 | 315 | 570 | 362 | 751
14 | 318 | 581 | 367 | 764.5
15 | 321 | 592 | 373 | 778.5
16 | 324 | 603 | 379 | 792.5
17 | 327 | 614 | 385 | 806.5
18 | 331 | 626 | 391 | 821.5
19 | 334 | 638 | 397 | 836.5
20 | 337 | 650 | 403 | 851.5
21 | 340 | 663 | 409 | 867.5
22 | 344 | 676 | 415 | 883.5
23 | 347 | 688 | 422 | 899
24 | 350 | 702 | 428 | 916
25 | 354 | 715 | 435 | 932.5
26 | 357 | 729 | 442 | 950
27 | 361 | 743 | 449 | 967.5
28 | 364 | 757 | 456 | 985
29 | 368 | 771 | 463 | 1002.5
30 | 372 | 786 | 470 | 1021
31 | 375 | 801 | 477 | 1039.5
32 | 379 | 817 | 484 | 1059
33 | 383 | 832 | 492 | 1078
34 | 386 | 848 | 500 | 1098
35 | 390 | 864 | 507 | 1117.5
36 | 394 | 881 | 515 | 1138.5
37 | 398 | 898 | 523 | 1159.5
38 | 402 | 915 | 531 | 1180.5
39 | 406 | 933 | 539 | 1202.5
40 | 410 | 950 | 548 | 1224
41 | 414 | 969 | 556 | 1247
42 | 418 | 987 | 565 | 1269.5
43 | 422 | 1006 | 574 | 1293
44 | 426 | 1025 | 583 | 1316.5
45 | 430 | 1045 | 592 | 1341
46 | 434 | 1065 | 601 | 1365.5
47 | 439 | 1085 | 610 | 1390
48 | 443 | 1106 | 619 | 1415.5
49 | 447 | 1128 | 629 | 1442.5
50 | 452 | 1149 | 639 | 1468.5
51 | 456 | 1171 | 649 | 1495.5
52 | 461 | 1194 | 659 | 1523.5
53 | 465 | 1217 | 669 | 1551.5
54 | 470 | 1240 | 679 | 1579.5
55 | 474 | 1264 | 690 | 1609
56 | 479 | 1288 | 700 | 1638
57 | 484 | 1313 | 711 | 1668.5
58 | 488 | 1338 | 722 | 1699
59 | 493 | 1363 | 734 | 1730
60 | 498 | 1390 | 745 | 1762.5
61 | 503 | 1416 | 756 | 1794
62 | 508 | 1443 | 768 | 1827
63 | 513 | 1471 | 780 | 1861
64 | 518 | 1499 | 792 | 1895
65 | 523 | 1528 | 804 | 1930
66 | 528 | 1558 | 817 | 1966.5
67 | 533 | 1587 | 830 | 2002
68 | 538 | 1618 | 842 | 2039
69 | 544 | 1649 | 855 | 2076.5
70 | 549 | 1681 | 869 | 2115.5
71 | 554 | 1713 | 882 | 2154
72 | 560 | 1746 | 896 | 2194
73 | 565 | 1779 | 910 | 2234
74 | 571 | 1813 | 924 | 2275
75 | 576 | 1848 | 938 | 2317
76 | 581 | 1854 | 941 | 2324.5
77 | 586 | 1860 | 944 | 2332
78 | 591 | 1866 | 947 | 2339.5
79 | 596 | 1872 | 950 | 2347
80 | 601 | 1878 | 953 | 2354.5
81 | 606 | 1884 | 956 | 2362
82 | 611 | 1890 | 959 | 2369.5
83 | 616 | 1896 | 962 | 2377
84 | 621 | 1902 | 965 | 2384.5
85 | 626 | 1908 | 968 | 2392
86 | 631 | 1914 | 971 | 2399.5
87 | 636 | 1920 | 974 | 2407
88 | 641 | 1926 | 977 | 2414.5
89 | 646 | 1932 | 980 | 2422
90 | 651 | 1938 | 983 | 2429.5
91 | 656 | 1944 | 986 | 2437
92 | 661 | 1950 | 989 | 2444.5
93 | 666 | 1956 | 992 | 2452
94 | 671 | 1962 | 995 | 2459.5
95 | 676 | 1968 | 998 | 2467
96 | 681 | 1974 | 1001 | 2474.5
97 | 686 | 1980 | 1004 | 2482
98 | 691 | 1986 | 1007 | 2489.5
99 | 696 | 1992 | 1010 | 2497
100 | 701 | 1998 | 1013 | 2504.5
101 | 706 | 2004 | 1016 | 2512
102 | 711 | 2010 | 1019 | 2519.5
103 | 716 | 2016 | 1022 | 2527
104 | 721 | 2022 | 1025 | 2534.5
105 | 726 | 2028 | 1028 | 2542
106 | 731 | 2034 | 1031 | 2549.5
107 | 736 | 2040 | 1034 | 2557
108 | 741 | 2046 | 1037 | 2564.5
109 | 746 | 2052 | 1040 | 2572
110 | 751 | 2058 | 1043 | 2579.5
111 | 756 | 2064 | 1046 | 2587
112 | 761 | 2070 | 1049 | 2594.5
113 | 766 | 2076 | 1052 | 2602
114 | 771 | 2082 | 1055 | 2609.5
115 | 776 | 2088 | 1058 | 2617
Lv | HP | Attack | Defense | BP
Ranger
Lv | HP | Attack | Defense | BP
1 | 240 | 448 | 300 | 598
2 | 242 | 457 | 305 | 609.5
3 | 245 | 465 | 309 | 619.5
4 | 247 | 474 | 314 | 631
5 | 250 | 484 | 319 | 643.5
6 | 252 | 493 | 324 | 655
7 | 254 | 503 | 329 | 667.5
8 | 257 | 512 | 334 | 679
9 | 259 | 522 | 339 | 691.5
10 | 262 | 532 | 345 | 704.5
11 | 265 | 543 | 350 | 718
12 | 267 | 553 | 355 | 730.5
13 | 270 | 564 | 361 | 744.5
14 | 272 | 575 | 366 | 758
15 | 275 | 586 | 372 | 772
16 | 278 | 597 | 378 | 786
17 | 281 | 608 | 384 | 800
18 | 283 | 620 | 390 | 815
19 | 286 | 632 | 396 | 830
20 | 289 | 644 | 402 | 845
21 | 292 | 657 | 408 | 861
22 | 295 | 670 | 414 | 877
23 | 297 | 682 | 421 | 892.5
24 | 300 | 696 | 427 | 909.5
25 | 303 | 709 | 434 | 926
26 | 306 | 723 | 441 | 943.5
27 | 309 | 737 | 448 | 961
28 | 312 | 751 | 455 | 978.5
29 | 315 | 765 | 462 | 996
30 | 318 | 780 | 469 | 1014.5
31 | 322 | 795 | 476 | 1033
32 | 325 | 811 | 483 | 1052.5
33 | 328 | 826 | 491 | 1071.5
34 | 331 | 842 | 499 | 1091.5
35 | 334 | 858 | 506 | 1111
36 | 338 | 875 | 514 | 1132
37 | 341 | 892 | 522 | 1153
38 | 344 | 909 | 530 | 1174
39 | 348 | 927 | 538 | 1196
40 | 351 | 944 | 547 | 1217.5
41 | 355 | 963 | 555 | 1240.5
42 | 358 | 981 | 564 | 1263
43 | 362 | 1000 | 573 | 1286.5
44 | 365 | 1019 | 582 | 1310
45 | 369 | 1039 | 591 | 1334.5
46 | 372 | 1059 | 600 | 1359
47 | 376 | 1079 | 609 | 1383.5
48 | 380 | 1100 | 618 | 1409
49 | 383 | 1122 | 628 | 1436
50 | 387 | 1143 | 638 | 1462
51 | 391 | 1165 | 648 | 1489
52 | 395 | 1188 | 658 | 1517
53 | 399 | 1211 | 668 | 1545
54 | 403 | 1234 | 678 | 1573
55 | 406 | 1258 | 689 | 1602.5
56 | 410 | 1282 | 699 | 1631.5
57 | 415 | 1307 | 710 | 1662
58 | 419 | 1332 | 721 | 1692.5
59 | 423 | 1357 | 733 | 1723.5
60 | 427 | 1384 | 744 | 1756
61 | 431 | 1410 | 755 | 1787.5
62 | 435 | 1437 | 767 | 1820.5
63 | 439 | 1465 | 779 | 1854.5
64 | 444 | 1493 | 791 | 1888.5
65 | 448 | 1522 | 803 | 1923.5
66 | 453 | 1552 | 816 | 1960
67 | 457 | 1581 | 829 | 1995.5
68 | 461 | 1612 | 841 | 2032.5
69 | 466 | 1643 | 854 | 2070
70 | 471 | 1675 | 868 | 2109
71 | 475 | 1707 | 881 | 2147.5
72 | 480 | 1740 | 895 | 2187.5
73 | 485 | 1773 | 909 | 2227.5
74 | 489 | 1807 | 923 | 2268.5
75 | 494 | 1842 | 937 | 2310.5
76 | 498 | 1848 | 940 | 2318
77 | 502 | 1854 | 943 | 2325.5
78 | 506 | 1860 | 946 | 2333
79 | 510 | 1866 | 949 | 2340.5
80 | 514 | 1872 | 952 | 2348
81 | 518 | 1878 | 955 | 2355.5
82 | 522 | 1884 | 958 | 2363
83 | 526 | 1890 | 961 | 2370.5
84 | 530 | 1896 | 964 | 2378
85 | 534 | 1902 | 967 | 2385.5
86 | 538 | 1908 | 970 | 2393
87 | 542 | 1914 | 973 | 2400.5
88 | 546 | 1920 | 976 | 2408
89 | 550 | 1926 | 979 | 2415.5
90 | 554 | 1932 | 982 | 2423
91 | 558 | 1938 | 985 | 2430.5
92 | 562 | 1944 | 988 | 2438
93 | 566 | 1950 | 991 | 2445.5
94 | 570 | 1956 | 994 | 2453
95 | 574 | 1962 | 997 | 2460.5
96 | 578 | 1968 | 1000 | 2468
97 | 582 | 1974 | 1003 | 2475.5
98 | 586 | 1980 | 1006 | 2483
99 | 590 | 1986 | 1009 | 2490.5
100 | 594 | 1992 | 1012 | 2498
101 | 598 | 1998 | 1015 | 2505.5
102 | 602 | 2004 | 1018 | 2513
103 | 606 | 2010 | 1021 | 2520.5
104 | 610 | 2016 | 1024 | 2528
105 | 614 | 2022 | 1027 | 2535.5
106 | 618 | 2028 | 1030 | 2543
107 | 622 | 2034 | 1033 | 2550.5
108 | 626 | 2040 | 1036 | 2558
109 | 630 | 2046 | 1039 | 2565.5
110 | 634 | 2052 | 1042 | 2573
111 | 638 | 2058 | 1045 | 2580.5
112 | 642 | 2064 | 1048 | 2588
113 | 646 | 2070 | 1051 | 2595.5
114 | 650 | 2076 | 1054 | 2603
115 | 654 | 2082 | 1057 | 2610.5
Lv | Battle Power | HP | Attack | Defense
Gunner
Lv | HP | Attack | Defense | BP
1 | 250 | 451 | 297 | 599.5
2 | 252 | 460 | 302 | 611
3 | 255 | 468 | 306 | 621
4 | 257 | 477 | 311 | 632.5
5 | 260 | 487 | 316 | 645
6 | 263 | 496 | 321 | 656.5
7 | 265 | 506 | 326 | 669
8 | 268 | 515 | 331 | 680.5
9 | 270 | 525 | 336 | 693
10 | 273 | 535 | 342 | 706
11 | 276 | 546 | 347 | 719.5
12 | 278 | 556 | 352 | 732
13 | 281 | 567 | 358 | 746
14 | 284 | 578 | 363 | 759.5
15 | 287 | 589 | 369 | 773.5
16 | 289 | 600 | 375 | 787.5
17 | 292 | 611 | 381 | 801.5
18 | 295 | 623 | 387 | 816.5
19 | 298 | 635 | 393 | 831.5
20 | 301 | 647 | 399 | 846.5
21 | 304 | 660 | 405 | 862.5
22 | 307 | 673 | 411 | 878.5
23 | 310 | 685 | 418 | 894
24 | 313 | 699 | 424 | 911
25 | 316 | 712 | 431 | 927.5
26 | 319 | 726 | 438 | 945
27 | 322 | 740 | 445 | 962.5
28 | 325 | 754 | 452 | 980
29 | 329 | 768 | 459 | 997.5
30 | 332 | 783 | 466 | 1016
31 | 335 | 798 | 473 | 1034.5
32 | 338 | 814 | 480 | 1054
33 | 342 | 829 | 488 | 1073
34 | 345 | 845 | 496 | 1093
35 | 348 | 861 | 503 | 1112.5
36 | 352 | 878 | 511 | 1133.5
37 | 355 | 895 | 519 | 1154.5
38 | 359 | 912 | 527 | 1175.5
39 | 362 | 930 | 535 | 1197.5
40 | 366 | 947 | 544 | 1219
41 | 369 | 966 | 552 | 1242
42 | 373 | 984 | 561 | 1264.5
43 | 377 | 1003 | 570 | 1288
44 | 380 | 1022 | 579 | 1311.5
45 | 384 | 1042 | 588 | 1336
46 | 388 | 1062 | 597 | 1360.5
47 | 392 | 1082 | 606 | 1385
48 | 395 | 1103 | 615 | 1410.5
49 | 399 | 1125 | 625 | 1437.5
50 | 403 | 1146 | 635 | 1463.5
51 | 407 | 1168 | 645 | 1490.5
52 | 411 | 1191 | 655 | 1518.5
53 | 415 | 1214 | 665 | 1546.5
54 | 419 | 1237 | 675 | 1574.5
55 | 423 | 1261 | 686 | 1604
56 | 428 | 1285 | 696 | 1633
57 | 432 | 1310 | 707 | 1663.5
58 | 436 | 1335 | 718 | 1694
59 | 440 | 1360 | 730 | 1725
60 | 445 | 1387 | 741 | 1757.5
61 | 449 | 1413 | 752 | 1789
62 | 453 | 1440 | 764 | 1822
63 | 458 | 1468 | 776 | 1856
64 | 462 | 1496 | 788 | 1890
65 | 467 | 1525 | 800 | 1925
66 | 471 | 1555 | 813 | 1961.5
67 | 476 | 1584 | 826 | 1997
68 | 481 | 1615 | 838 | 2034
69 | 485 | 1646 | 858 | 2075
70 | 490 | 1678 | 865 | 2110.5
71 | 495 | 1710 | 878 | 2149
72 | 500 | 1743 | 892 | 2189
73 | 505 | 1776 | 906 | 2229
74 | 510 | 1810 | 920 | 2270
75 | 515 | 1845 | 934 | 2312
76 | 519 | 1851 | 937 | 2319.5
77 | 523 | 1857 | 940 | 2327
78 | 527 | 1863 | 943 | 2334.5
79 | 531 | 1869 | 946 | 2342
80 | 535 | 1875 | 949 | 2349.5
81 | 539 | 1881 | 952 | 2357
82 | 543 | 1887 | 955 | 2364.5
83 | 547 | 1893 | 958 | 2372
84 | 551 | 1899 | 961 | 2379.5
85 | 555 | 1905 | 964 | 2387
86 | 559 | 1911 | 967 | 2394.5
87 | 563 | 1917 | 970 | 2402
88 | 567 | 1923 | 973 | 2409.5
89 | 571 | 1929 | 976 | 2417
90 | 575 | 1935 | 979 | 2424.5
91 | 579 | 1941 | 982 | 2432
92 | 583 | 1947 | 985 | 2439.5
93 | 587 | 1953 | 988 | 2447
94 | 591 | 1959 | 991 | 2454.5
95 | 595 | 1965 | 994 | 2462
96 | 599 | 1971 | 997 | 2469.5
97 | 603 | 1977 | 1000 | 2477
98 | 607 | 1983 | 1003 | 2484.5
99 | 611 | 1989 | 1006 | 2492
100 | 615 | 1995 | 1009 | 2499.5
101 | 619 | 2001 | 1012 | 2507
102 | 623 | 2007 | 1015 | 2514.5
103 | 627 | 2013 | 1018 | 2522
104 | 631 | 2019 | 1021 | 2529.5
105 | 635 | 2025 | 1024 | 2537
106 | 639 | 2031 | 1027 | 2544.5
107 | 643 | 2037 | 1030 | 2552
108 | 647 | 2043 | 1033 | 2559.5
109 | 651 | 2049 | 1036 | 2567
110 | 655 | 2055 | 1039 | 2574.5
111 | 659 | 2061 | 1042 | 2582
112 | 663 | 2067 | 1045 | 2589.5
113 | 667 | 2073 | 1048 | 2597
114 | 671 | 2079 | 1051 | 2604.5
115 | 675 | 2085 | 1054 | 2612
Lv | HP | Attack | Defense | BP
Force
Lv | HP | Attack | Defense | BP
1 | 235 | 453 | 296 | 601
2 | 237 | 462 | 301 | 612.5
3 | 240 | 470 | 305 | 622.5
4 | 242 | 479 | 310 | 634
5 | 244 | 489 | 315 | 646.5
6 | 247 | 498 | 320 | 658
7 | 249 | 508 | 325 | 670.5
8 | 252 | 517 | 330 | 682
9 | 254 | 527 | 335 | 694.5
10 | 257 | 537 | 341 | 707.5
11 | 259 | 548 | 346 | 721
12 | 262 | 558 | 351 | 733.5
13 | 264 | 569 | 357 | 747.5
14 | 267 | 580 | 362 | 761
15 | 269 | 591 | 368 | 775
16 | 272 | 602 | 374 | 789
17 | 275 | 613 | 380 | 803
18 | 277 | 625 | 386 | 818
19 | 280 | 637 | 392 | 833
20 | 283 | 649 | 398 | 848
21 | 286 | 662 | 404 | 864
22 | 288 | 675 | 410 | 880
23 | 291 | 687 | 417 | 895.5
24 | 294 | 701 | 423 | 912.5
25 | 297 | 714 | 430 | 929
26 | 300 | 728 | 437 | 946.5
27 | 303 | 742 | 444 | 964
28 | 306 | 756 | 451 | 981.5
29 | 309 | 770 | 458 | 999
30 | 312 | 785 | 465 | 1017.5
31 | 315 | 800 | 472 | 1036
32 | 318 | 816 | 479 | 1055.5
33 | 321 | 831 | 487 | 1074.5
34 | 324 | 847 | 495 | 1094.5
35 | 327 | 863 | 502 | 1114
36 | 331 | 880 | 510 | 1135
37 | 334 | 897 | 518 | 1156
38 | 337 | 914 | 526 | 1177
39 | 340 | 932 | 534 | 1199
40 | 344 | 949 | 543 | 1220.5
41 | 347 | 968 | 551 | 1243.5
42 | 351 | 986 | 560 | 1266
43 | 354 | 1005 | 569 | 1289.5
44 | 358 | 1024 | 578 | 1313
45 | 361 | 1044 | 587 | 1337.5
46 | 365 | 1064 | 596 | 1362
47 | 368 | 1084 | 605 | 1386.5
48 | 372 | 1105 | 614 | 1412
49 | 375 | 1127 | 624 | 1439
50 | 379 | 1148 | 634 | 1465
51 | 383 | 1170 | 644 | 1492
52 | 387 | 1193 | 654 | 1520
53 | 390 | 1216 | 664 | 1548
54 | 394 | 1239 | 674 | 1576
55 | 398 | 1263 | 685 | 1605.5
56 | 402 | 1287 | 695 | 1634.5
57 | 406 | 1312 | 706 | 1665
58 | 410 | 1337 | 717 | 1695.5
59 | 414 | 1362 | 729 | 1726.5
60 | 418 | 1389 | 740 | 1759
61 | 422 | 1415 | 751 | 1790.5
62 | 426 | 1442 | 763 | 1823.5
63 | 430 | 1470 | 775 | 1857.5
64 | 435 | 1498 | 787 | 1891.5
65 | 439 | 1527 | 799 | 1926.5
66 | 443 | 1557 | 812 | 1963
67 | 447 | 1586 | 828 | 2000
68 | 452 | 1617 | 837 | 2035.5
69 | 456 | 1648 | 850 | 2073
70 | 461 | 1680 | 864 | 2112
71 | 465 | 1712 | 877 | 2150.5
72 | 470 | 1745 | 891 | 2190.5
73 | 474 | 1778 | 905 | 2230.5
74 | 479 | 1812 | 919 | 2271.5
75 | 484 | 1847 | 933 | 2313.5
76 | 488 | 1853 | 936 | 2321
77 | 492 | 1859 | 939 | 2328.5
78 | 496 | 1865 | 942 | 2336
79 | 500 | 1871 | 945 | 2343.5
80 | 504 | 1877 | 948 | 2351
81 | 508 | 1883 | 951 | 2358.5
82 | 512 | 1889 | 954 | 2366
83 | 516 | 1895 | 957 | 2373.5
84 | 520 | 1901 | 960 | 2381
85 | 524 | 1907 | 963 | 2388.5
86 | 528 | 1913 | 966 | 2396
87 | 532 | 1919 | 969 | 2403.5
88 | 536 | 1925 | 972 | 2411
89 | 540 | 1931 | 975 | 2418.5
90 | 544 | 1937 | 978 | 2426
91 | 548 | 1943 | 981 | 2433.5
92 | 552 | 1949 | 984 | 2441
93 | 556 | 1955 | 987 | 2448.5
94 | 560 | 1961 | 990 | 2456
95 | 564 | 1967 | 993 | 2463.5
96 | 568 | 1973 | 996 | 2471
97 | 572 | 1979 | 999 | 2478.5
98 | 576 | 1985 | 1002 | 2486
99 | 580 | 1991 | 1005 | 2493.5
100 | 584 | 1997 | 1008 | 2501
101 | 588 | 2003 | 1011 | 2508.5
102 | 592 | 2009 | 1014 | 2516
103 | 596 | 2015 | 1017 | 2523.5
104 | 600 | 2021 | 1020 | 2531
105 | 604 | 2027 | 1023 | 2538.5
106 | 608 | 2033 | 1026 | 2546
107 | 612 | 2039 | 1029 | 2553.5
108 | 616 | 2045 | 1032 | 2561
109 | 620 | 2051 | 1035 | 2568.5
110 | 624 | 2057 | 1038 | 2576
111 | 628 | 2063 | 1041 | 2583.5
112 | 632 | 2069 | 1044 | 2591
113 | 636 | 2075 | 1047 | 2598.5
114 | 640 | 2081 | 1050 | 2606
115 | 644 | 2087 | 1053 | 2613.5
Lv | HP | Attack | Defense | BP
Techter
Lv | HP | Attack | Defense | BP
1 | 260 | 446 | 303 | 597.5
2 | 263 | 455 | 308 | 609
3 | 265 | 463 | 312 | 619
4 | 268 | 472 | 317 | 630.5
5 | 270 | 482 | 322 | 643
6 | 273 | 491 | 327 | 654.5
7 | 276 | 501 | 332 | 667
8 | 278 | 510 | 337 | 678.5
9 | 281 | 520 | 342 | 691
10 | 284 | 530 | 348 | 704
11 | 287 | 541 | 353 | 717.5
12 | 289 | 551 | 358 | 730
13 | 292 | 562 | 364 | 744
14 | 295 | 573 | 369 | 757.5
15 | 298 | 584 | 375 | 771.5
16 | 301 | 595 | 381 | 785.5
17 | 304 | 606 | 387 | 799.5
18 | 307 | 618 | 393 | 814.5
19 | 310 | 630 | 399 | 829.5
20 | 313 | 642 | 405 | 844.5
21 | 316 | 655 | 411 | 860.5
22 | 319 | 668 | 417 | 876.5
23 | 322 | 680 | 424 | 892
24 | 325 | 694 | 430 | 909
25 | 329 | 707 | 437 | 925.5
26 | 332 | 721 | 444 | 943
27 | 335 | 735 | 451 | 960.5
28 | 338 | 749 | 458 | 978
29 | 342 | 763 | 465 | 995.5
30 | 345 | 778 | 472 | 1014
31 | 348 | 793 | 479 | 1032.5
32 | 352 | 809 | 486 | 1052
33 | 355 | 824 | 494 | 1071
34 | 359 | 840 | 502 | 1091
35 | 362 | 856 | 509 | 1110.5
36 | 366 | 873 | 517 | 1131.5
37 | 369 | 890 | 525 | 1152.5
38 | 373 | 907 | 533 | 1173.5
39 | 377 | 925 | 541 | 1195.5
40 | 380 | 942 | 550 | 1217
41 | 384 | 961 | 558 | 1240
42 | 388 | 979 | 567 | 1262.5
43 | 392 | 998 | 576 | 1286
44 | 396 | 1017 | 585 | 1309.5
45 | 399 | 1037 | 594 | 1334
46 | 403 | 1057 | 603 | 1358.5
47 | 407 | 1077 | 612 | 1383
48 | 411 | 1098 | 621 | 1408.5
49 | 415 | 1120 | 631 | 1435.5
50 | 419 | 1141 | 641 | 1461.5
51 | 424 | 1163 | 651 | 1488.5
52 | 428 | 1186 | 661 | 1516.5
53 | 432 | 1209 | 671 | 1544.5
54 | 436 | 1232 | 681 | 1572.5
55 | 440 | 1256 | 692 | 1602
56 | 445 | 1280 | 702 | 1631
57 | 449 | 1305 | 713 | 1661.5
58 | 453 | 1330 | 724 | 1692
59 | 458 | 1355 | 736 | 1723
60 | 462 | 1382 | 747 | 1755.5
61 | 467 | 1408 | 758 | 1787
62 | 472 | 1435 | 770 | 1820
63 | 476 | 1463 | 782 | 1854
64 | 481 | 1491 | 794 | 1888
65 | 486 | 1520 | 806 | 1923
66 | 490 | 1550 | 819 | 1959.5
67 | 495 | 1579 | 832 | 1995
68 | 500 | 1610 | 844 | 2032
69 | 505 | 1641 | 857 | 2069.5
70 | 510 | 1673 | 871 | 2108.5
71 | 515 | 1705 | 884 | 2147
72 | 520 | 1738 | 898 | 2187
73 | 525 | 1771 | 912 | 2227
74 | 530 | 1805 | 926 | 2268
75 | 535 | 1840 | 940 | 2310
76 | 539 | 1846 | 943 | 2317.5
77 | 543 | 1852 | 946 | 2325
78 | 547 | 1858 | 949 | 2332.5
79 | 551 | 1864 | 952 | 2340
80 | 555 | 1870 | 955 | 2347.5
81 | 559 | 1876 | 958 | 2355
82 | 563 | 1882 | 961 | 2362.5
83 | 567 | 1888 | 964 | 2370
84 | 571 | 1894 | 967 | 2377.5
85 | 575 | 1900 | 970 | 2385
86 | 579 | 1906 | 973 | 2392.5
87 | 583 | 1912 | 976 | 2400
88 | 587 | 1918 | 979 | 2407.5
89 | 591 | 1924 | 982 | 2415
90 | 595 | 1930 | 985 | 2422.5
91 | 599 | 1936 | 988 | 2430
92 | 603 | 1942 | 991 | 2437.5
93 | 607 | 1948 | 994 | 2445
94 | 611 | 1954 | 997 | 2452.5
95 | 615 | 1960 | 1000 | 2460
96 | 619 | 1966 | 1003 | 2467.5
97 | 623 | 1972 | 1006 | 2475
98 | 627 | 1978 | 1009 | 2482.5
99 | 631 | 1984 | 1012 | 2490
100 | 635 | 1990 | 1015 | 2497.5
101 | 639 | 1996 | 1018 | 2505
102 | 643 | 2002 | 1021 | 2512.5
103 | 647 | 2008 | 1024 | 2520
104 | 651 | 2014 | 1027 | 2527.5
105 | 655 | 2020 | 1030 | 2535
106 | 659 | 2026 | 1033 | 2542.5
107 | 663 | 2032 | 1036 | 2550
108 | 667 | 2038 | 1039 | 2557.5
109 | 671 | 2044 | 1042 | 2565
110 | 675 | 2050 | 1045 | 2572.5
111 | 679 | 2056 | 1048 | 2580
112 | 683 | 2062 | 1051 | 2587.5
113 | 687 | 2068 | 1054 | 2595
114 | 691 | 2074 | 1057 | 2602.5
115 | 695 | 2080 | 1060 | 2610
Lv | HP | Attack | Defense | BP
Braver
Lv | HP | Attack | Defense | BP
1 | 270 | 452 | 302 | 603
2 | 273 | 461 | 307 | 614.5
3 | 275 | 469 | 311 | 624.5
4 | 278 | 478 | 316 | 636
5 | 281 | 488 | 321 | 648.5
6 | 284 | 497 | 326 | 660
7 | 286 | 507 | 331 | 672.5
8 | 289 | 516 | 336 | 684
9 | 292 | 526 | 341 | 696.5
10 | 295 | 536 | 347 | 709.5
11 | 298 | 547 | 352 | 723
12 | 301 | 557 | 357 | 735.5
13 | 304 | 568 | 363 | 749.5
14 | 307 | 579 | 368 | 763
15 | 310 | 590 | 374 | 777
16 | 313 | 601 | 380 | 791
17 | 316 | 612 | 386 | 805
18 | 319 | 624 | 392 | 820
19 | 322 | 636 | 398 | 835
20 | 325 | 648 | 404 | 850
21 | 328 | 661 | 410 | 866
22 | 331 | 674 | 416 | 882
23 | 335 | 686 | 423 | 897.5
24 | 338 | 700 | 429 | 914.5
25 | 341 | 713 | 436 | 931
26 | 345 | 727 | 443 | 948.5
27 | 348 | 741 | 450 | 966
28 | 351 | 755 | 457 | 983.5
29 | 355 | 769 | 464 | 1001
30 | 358 | 784 | 471 | 1019.5
31 | 362 | 799 | 478 | 1038
32 | 365 | 815 | 485 | 1057.5
33 | 369 | 830 | 493 | 1076.5
34 | 373 | 846 | 501 | 1096.5
35 | 376 | 862 | 508 | 1116
36 | 380 | 879 | 516 | 1137
37 | 384 | 896 | 524 | 1158
38 | 387 | 913 | 532 | 1179
39 | 391 | 931 | 540 | 1201
40 | 395 | 948 | 549 | 1222.5
41 | 399 | 967 | 557 | 1245.5
42 | 403 | 985 | 566 | 1268
43 | 407 | 1004 | 575 | 1291.5
44 | 411 | 1023 | 584 | 1315
45 | 415 | 1043 | 593 | 1339.5
46 | 419 | 1063 | 602 | 1364
47 | 423 | 1083 | 611 | 1388.5
48 | 427 | 1104 | 620 | 1414
49 | 431 | 1126 | 630 | 1441
50 | 436 | 1147 | 640 | 1467
51 | 440 | 1169 | 650 | 1494
52 | 444 | 1192 | 660 | 1522
53 | 448 | 1215 | 670 | 1550
54 | 453 | 1238 | 680 | 1578
55 | 457 | 1262 | 691 | 1607.5
56 | 462 | 1286 | 701 | 1636.5
57 | 466 | 1311 | 712 | 1667
58 | 471 | 1336 | 723 | 1697.5
59 | 476 | 1361 | 735 | 1728.5
60 | 480 | 1388 | 746 | 1761
61 | 485 | 1414 | 757 | 1792.5
62 | 490 | 1441 | 769 | 1825.5
63 | 494 | 1469 | 781 | 1859.5
64 | 499 | 1497 | 793 | 1893.5
65 | 504 | 1526 | 805 | 1928.5
66 | 509 | 1556 | 818 | 1965
67 | 514 | 1585 | 831 | 2000.5
68 | 519 | 1616 | 843 | 2037.5
69 | 524 | 1647 | 856 | 2075
70 | 529 | 1679 | 870 | 2114
71 | 535 | 1711 | 883 | 2152.5
72 | 540 | 1744 | 897 | 2192.5
73 | 545 | 1777 | 911 | 2232.5
74 | 550 | 1811 | 925 | 2273.5
75 | 556 | 1846 | 939 | 2315.5
76 | 561 | 1852 | 942 | 2323
77 | 566 | 1858 | 945 | 2330.5
78 | 571 | 1864 | 948 | 2338
79 | 576 | 1870 | 951 | 2345.5
80 | 581 | 1876 | 954 | 2353
81 | 586 | 1882 | 957 | 2360.5
82 | 591 | 1888 | 960 | 2368
83 | 596 | 1894 | 963 | 2375.5
84 | 601 | 1900 | 966 | 2383
85 | 606 | 1906 | 969 | 2390.5
86 | 611 | 1912 | 972 | 2398
87 | 616 | 1918 | 975 | 2405.5
88 | 621 | 1924 | 978 | 2413
89 | 626 | 1930 | 981 | 2420.5
90 | 631 | 1936 | 984 | 2428
91 | 636 | 1942 | 987 | 2435.5
92 | 641 | 1948 | 990 | 2443
93 | 646 | 1954 | 993 | 2450.5
94 | 651 | 1960 | 996 | 2458
95 | 656 | 1966 | 999 | 2465.5
96 | 661 | 1972 | 1002 | 2473
97 | 666 | 1978 | 1005 | 2480.5
98 | 671 | 1984 | 1008 | 2488
99 | 676 | 1990 | 1011 | 2495.5
100 | 681 | 1996 | 1014 | 2503
101 | 686 | 2002 | 1017 | 2510.5
102 | 691 | 2008 | 1020 | 2518
103 | 696 | 2014 | 1023 | 2525.5
104 | 701 | 2020 | 1026 | 2533
105 | 706 | 2026 | 1029 | 2540.5
106 | 711 | 2032 | 1032 | 2548
107 | 716 | 2038 | 1035 | 2555.5
108 | 721 | 2044 | 1038 | 2563
109 | 726 | 2050 | 1041 | 2570.5
110 | 731 | 2056 | 1044 | 2578
111 | 736 | 2062 | 1047 | 2585.5
112 | 741 | 2068 | 1050 | 2593
113 | 746 | 2074 | 1053 | 2600.5
114 | 751 | 2080 | 1056 | 2608
115 | 756 | 2086 | 1059 | 2615.5
Lv | HP | Attack | Defense | BP
Bouncer
Lv | HP | Attack | Defense | BP
1 | 275 | 453 | 299 | 602.5
2 | 278 | 462 | 304 | 614
3 | 280 | 470 | 308 | 624
4 | 283 | 479 | 313 | 635.5
5 | 286 | 489 | 318 | 648
6 | 289 | 498 | 323 | 659.5
7 | 292 | 508 | 328 | 672
8 | 294 | 517 | 333 | 683.5
9 | 297 | 527 | 338 | 696
10 | 300 | 537 | 344 | 709
11 | 303 | 548 | 349 | 722.5
12 | 306 | 558 | 354 | 735
13 | 309 | 569 | 360 | 749
14 | 312 | 580 | 365 | 762.5
15 | 315 | 591 | 371 | 776.5
16 | 318 | 602 | 377 | 790.5
17 | 321 | 613 | 383 | 804.5
18 | 325 | 625 | 389 | 819.5
19 | 328 | 637 | 395 | 834.5
20 | 331 | 649 | 401 | 849.5
21 | 334 | 662 | 407 | 865.5
22 | 338 | 675 | 413 | 881.5
23 | 341 | 687 | 420 | 897
24 | 344 | 701 | 426 | 914
25 | 348 | 714 | 433 | 930.5
26 | 351 | 728 | 440 | 948
27 | 354 | 742 | 447 | 965.5
28 | 358 | 756 | 454 | 983
29 | 361 | 770 | 461 | 1000.5
30 | 365 | 785 | 468 | 1019
31 | 369 | 800 | 475 | 1037.5
32 | 372 | 816 | 482 | 1057
33 | 376 | 831 | 490 | 1076
34 | 379 | 847 | 498 | 1096
35 | 383 | 863 | 505 | 1115.5
36 | 387 | 880 | 513 | 1136.5
37 | 391 | 897 | 521 | 1157.5
38 | 395 | 914 | 529 | 1178.5
39 | 398 | 932 | 537 | 1200.5
40 | 402 | 949 | 546 | 1222
41 | 406 | 968 | 554 | 1245
42 | 410 | 986 | 563 | 1267.5
43 | 414 | 1005 | 572 | 1291
44 | 418 | 1024 | 581 | 1314.5
45 | 422 | 1044 | 590 | 1339
46 | 427 | 1064 | 599 | 1363.5
47 | 431 | 1084 | 608 | 1388
48 | 435 | 1105 | 617 | 1413.5
49 | 439 | 1127 | 627 | 1440.5
50 | 444 | 1148 | 637 | 1466.5
51 | 448 | 1170 | 647 | 1493.5
52 | 452 | 1193 | 657 | 1521.5
53 | 457 | 1216 | 667 | 1549.5
54 | 461 | 1239 | 677 | 1577.5
55 | 466 | 1263 | 688 | 1607
56 | 470 | 1287 | 698 | 1636
57 | 475 | 1312 | 709 | 1666.5
58 | 480 | 1337 | 720 | 1697
59 | 484 | 1362 | 732 | 1728
60 | 489 | 1389 | 743 | 1760.5
61 | 494 | 1415 | 754 | 1792
62 | 499 | 1442 | 766 | 1825
63 | 504 | 1470 | 778 | 1859
64 | 509 | 1498 | 790 | 1893
65 | 514 | 1527 | 802 | 1928
66 | 519 | 1557 | 815 | 1964.5
67 | 524 | 1586 | 828 | 2000
68 | 529 | 1617 | 840 | 2037
69 | 534 | 1648 | 853 | 2074.5
70 | 539 | 1680 | 867 | 2113.5
71 | 544 | 1712 | 880 | 2152
72 | 550 | 1745 | 894 | 2192
73 | 555 | 1778 | 908 | 2232
74 | 561 | 1812 | 922 | 2273
75 | 566 | 1847 | 936 | 2315
76 | 571 | 1853 | 939 | 2322.5
77 | 576 | 1859 | 942 | 2330
78 | 581 | 1865 | 945 | 2337.5
79 | 586 | 1871 | 948 | 2345
80 | 591 | 1877 | 951 | 2352.5
81 | 596 | 1883 | 954 | 2360
82 | 601 | 1889 | 957 | 2367.5
83 | 606 | 1895 | 960 | 2375
84 | 611 | 1901 | 963 | 2382.5
85 | 616 | 1907 | 966 | 2390
86 | 621 | 1913 | 969 | 2397.5
87 | 626 | 1919 | 972 | 2405
88 | 631 | 1925 | 975 | 2412.5
89 | 636 | 1931 | 978 | 2420
90 | 641 | 1937 | 981 | 2427.5
91 | 646 | 1943 | 984 | 2435
92 | 651 | 1949 | 987 | 2442.5
93 | 656 | 1955 | 990 | 2450
94 | 661 | 1961 | 993 | 2457.5
95 | 666 | 1967 | 996 | 2465
96 | 671 | 1973 | 999 | 2472.5
97 | 676 | 1979 | 1002 | 2480
98 | 681 | 1985 | 1005 | 2487.5
99 | 686 | 1991 | 1008 | 2495
100 | 691 | 1997 | 1011 | 2502.5
101 | 696 | 2003 | 1014 | 2510
102 | 701 | 2009 | 1017 | 2517.5
103 | 706 | 2015 | 1020 | 2525
104 | 711 | 2021 | 1023 | 2532.5
105 | 716 | 2027 | 1026 | 2540
106 | 721 | 2033 | 1029 | 2547.5
107 | 726 | 2039 | 1032 | 2555
108 | 731 | 2045 | 1035 | 2562.5
109 | 736 | 2051 | 1038 | 2570
110 | 741 | 2057 | 1041 | 2577.5
111 | 746 | 2063 | 1044 | 2585
112 | 751 | 2069 | 1047 | 2592.5
113 | 756 | 2075 | 1050 | 2600
114 | 761 | 2081 | 1053 | 2607.5
115 | 766 | 2087 | 1056 | 2615
Lv | HP | Attack | Defense | BP
Waker
Lv | HP | Attack | Defense | BP
1 | 255 | 451 | 302 | 602
2 | 258 | 460 | 307 | 613.5
3 | 260 | 468 | 311 | 623.5
4 | 263 | 477 | 316 | 635
5 | 265 | 487 | 321 | 647.5
6 | 268 | 496 | 326 | 659
7 | 270 | 506 | 331 | 671.5
8 | 273 | 515 | 336 | 683
9 | 276 | 525 | 341 | 695.5
10 | 278 | 535 | 347 | 708.5
11 | 281 | 546 | 352 | 722
12 | 284 | 556 | 357 | 734.5
13 | 287 | 567 | 363 | 748.5
14 | 289 | 578 | 368 | 762
15 | 292 | 589 | 374 | 776
16 | 295 | 600 | 380 | 790
17 | 298 | 611 | 386 | 804
18 | 301 | 623 | 392 | 819
19 | 304 | 635 | 398 | 834
20 | 307 | 647 | 404 | 849
21 | 310 | 660 | 410 | 865
22 | 313 | 673 | 416 | 881
23 | 316 | 685 | 423 | 896.5
24 | 319 | 699 | 429 | 913.5
25 | 322 | 712 | 436 | 930
26 | 325 | 726 | 443 | 947.5
27 | 329 | 740 | 450 | 965
28 | 332 | 754 | 457 | 982.5
29 | 335 | 768 | 464 | 1000
30 | 338 | 783 | 471 | 1018.5
31 | 342 | 798 | 478 | 1037
32 | 345 | 814 | 485 | 1056.5
33 | 348 | 829 | 493 | 1075.5
34 | 352 | 845 | 501 | 1095.5
35 | 355 | 861 | 508 | 1115
36 | 359 | 878 | 516 | 1136
37 | 362 | 895 | 524 | 1157
38 | 366 | 912 | 532 | 1178
39 | 369 | 930 | 540 | 1200
40 | 373 | 947 | 549 | 1221.5
41 | 377 | 966 | 557 | 1244.5
42 | 380 | 984 | 566 | 1267
43 | 384 | 1003 | 575 | 1290.5
44 | 388 | 1022 | 584 | 1314
45 | 392 | 1042 | 593 | 1338.5
46 | 396 | 1062 | 602 | 1363
47 | 399 | 1082 | 611 | 1387.5
48 | 403 | 1103 | 620 | 1413
49 | 407 | 1125 | 630 | 1440
50 | 411 | 1146 | 640 | 1466
51 | 415 | 1168 | 650 | 1493
52 | 419 | 1191 | 660 | 1521
53 | 424 | 1214 | 670 | 1549
54 | 428 | 1237 | 680 | 1577
55 | 432 | 1261 | 691 | 1606.5
56 | 436 | 1285 | 701 | 1635.5
57 | 440 | 1310 | 712 | 1666
58 | 445 | 1335 | 723 | 1696.5
59 | 449 | 1360 | 735 | 1727.5
60 | 453 | 1387 | 746 | 1760
61 | 458 | 1413 | 757 | 1791.5
62 | 462 | 1440 | 769 | 1824.5
63 | 467 | 1468 | 781 | 1858.5
64 | 472 | 1496 | 793 | 1892.5
65 | 476 | 1525 | 805 | 1927.5
66 | 481 | 1555 | 818 | 1964
67 | 486 | 1584 | 831 | 1999.5
68 | 490 | 1615 | 843 | 2036.5
69 | 495 | 1646 | 856 | 2074
70 | 500 | 1678 | 870 | 2113
71 | 505 | 1710 | 883 | 2151.5
72 | 510 | 1743 | 897 | 2191.5
73 | 515 | 1776 | 911 | 2231.5
74 | 520 | 1810 | 925 | 2272.5
75 | 525 | 1845 | 939 | 2314.5
76 | 529 | 1851 | 942 | 2322
77 | 533 | 1857 | 945 | 2329.5
78 | 537 | 1863 | 948 | 2337
79 | 541 | 1869 | 951 | 2344.5
80 | 545 | 1875 | 954 | 2352
81 | 549 | 1881 | 957 | 2359.5
82 | 553 | 1887 | 960 | 2367
83 | 557 | 1893 | 963 | 2374.5
84 | 561 | 1899 | 966 | 2382
85 | 565 | 1905 | 969 | 2389.5
86 | 569 | 1911 | 972 | 2397
87 | 573 | 1917 | 975 | 2404.5
88 | 577 | 1923 | 978 | 2412
89 | 581 | 1929 | 981 | 2419.5
90 | 585 | 1935 | 984 | 2427
91 | 589 | 1941 | 987 | 2434.5
92 | 593 | 1947 | 990 | 2442
93 | 597 | 1953 | 993 | 2449.5
94 | 601 | 1959 | 996 | 2457
95 | 605 | 1965 | 999 | 2464.5
96 | 609 | 1971 | 1002 | 2472
97 | 613 | 1977 | 1005 | 2479.5
98 | 617 | 1983 | 1008 | 2487
99 | 621 | 1989 | 1011 | 2494.5
100 | 625 | 1995 | 1014 | 2502
101 | 629 | 2001 | 1017 | 2509.5
102 | 633 | 2007 | 1020 | 2517
103 | 637 | 2013 | 1023 | 2524.5
104 | 641 | 2019 | 1026 | 2532
105 | 645 | 2025 | 1029 | 2539.5
106 | 649 | 2031 | 1032 | 2547
107 | 653 | 2037 | 1035 | 2554.5
108 | 657 | 2043 | 1038 | 2562
109 | 661 | 2049 | 1041 | 2569.5
110 | 665 | 2055 | 1044 | 2577
111 | 669 | 2061 | 1047 | 2584.5
112 | 673 | 2067 | 1050 | 2592
113 | 677 | 2073 | 1053 | 2599.5
114 | 681 | 2079 | 1056 | 2607
115 | 685 | 2085 | 1059 | 2614.5
Lv | HP | Attack | Defense | BP
Slayer
Lv | HP | Attack | Defense | BP
1 | 220 | 455 | 296 | 603
2 | 222 | 464 | 301 | 614.5
3 | 224 | 472 | 305 | 624.5
4 | 227 | 481 | 310 | 636
5 | 229 | 491 | 315 | 648.5
6 | 231 | 500 | 320 | 660
7 | 233 | 510 | 325 | 672.5
8 | 236 | 519 | 330 | 684
9 | 238 | 529 | 335 | 696.5
10 | 240 | 539 | 341 | 709.5
11 | 243 | 550 | 346 | 723
12 | 245 | 560 | 351 | 735.5
13 | 247 | 571 | 357 | 749.5
14 | 250 | 582 | 362 | 763
15 | 252 | 593 | 368 | 777
16 | 255 | 604 | 374 | 791
17 | 257 | 615 | 380 | 805
18 | 260 | 627 | 386 | 820
19 | 262 | 639 | 392 | 835
20 | 265 | 651 | 398 | 850
21 | 267 | 664 | 404 | 866
22 | 270 | 677 | 410 | 882
23 | 273 | 689 | 417 | 897.5
24 | 275 | 703 | 423 | 914.5
25 | 278 | 716 | 430 | 931
26 | 281 | 730 | 437 | 948.5
27 | 284 | 744 | 444 | 966
28 | 286 | 758 | 451 | 983.5
29 | 289 | 772 | 458 | 1001
30 | 292 | 787 | 465 | 1019.5
31 | 295 | 802 | 472 | 1038
32 | 298 | 818 | 479 | 1057.5
33 | 301 | 833 | 487 | 1076.5
34 | 304 | 849 | 495 | 1096.5
35 | 307 | 865 | 502 | 1116
36 | 310 | 882 | 510 | 1137
37 | 313 | 899 | 518 | 1158
38 | 316 | 916 | 526 | 1179
39 | 319 | 934 | 534 | 1201
40 | 322 | 951 | 543 | 1222.5
41 | 325 | 970 | 551 | 1245.5
42 | 328 | 988 | 560 | 1268
43 | 331 | 1007 | 569 | 1291.5
44 | 335 | 1026 | 578 | 1315
45 | 338 | 1046 | 587 | 1339.5
46 | 341 | 1066 | 596 | 1364
47 | 345 | 1086 | 605 | 1388.5
48 | 348 | 1107 | 614 | 1414
49 | 351 | 1129 | 624 | 1441
50 | 355 | 1150 | 634 | 1467
51 | 358 | 1172 | 644 | 1494
52 | 362 | 1195 | 654 | 1522
53 | 365 | 1218 | 664 | 1550
54 | 369 | 1241 | 674 | 1578
55 | 373 | 1265 | 685 | 1607.5
56 | 376 | 1289 | 695 | 1636.5
57 | 380 | 1314 | 706 | 1667
58 | 384 | 1339 | 717 | 1697.5
59 | 387 | 1364 | 729 | 1728.5
60 | 391 | 1391 | 740 | 1761
61 | 395 | 1417 | 751 | 1792.5
62 | 399 | 1444 | 763 | 1825.5
63 | 403 | 1472 | 775 | 1859.5
64 | 407 | 1500 | 787 | 1893.5
65 | 411 | 1529 | 799 | 1928.5
66 | 415 | 1559 | 812 | 1965
67 | 419 | 1588 | 828 | 2002
68 | 423 | 1619 | 837 | 2037.5
69 | 427 | 1650 | 850 | 2075
70 | 431 | 1682 | 864 | 2114
71 | 436 | 1714 | 877 | 2152.5
72 | 440 | 1747 | 891 | 2192.5
73 | 444 | 1780 | 905 | 2232.5
74 | 449 | 1814 | 919 | 2273.5
75 | 453 | 1849 | 933 | 2315.5
76 | 457 | 1855 | 936 | 2323
77 | 461 | 1861 | 939 | 2330.5
78 | 465 | 1867 | 942 | 2338
79 | 469 | 1873 | 945 | 2345.5
80 | 473 | 1879 | 948 | 2353
81 | 477 | 1885 | 951 | 2360.5
82 | 481 | 1891 | 954 | 2368
83 | 485 | 1897 | 957 | 2375.5
84 | 489 | 1903 | 960 | 2383
85 | 493 | 1909 | 963 | 2390.5
86 | 497 | 1915 | 966 | 2398
87 | 501 | 1921 | 969 | 2405.5
88 | 505 | 1927 | 972 | 2413
89 | 509 | 1933 | 975 | 2420.5
90 | 513 | 1939 | 978 | 2428
91 | 517 | 1945 | 981 | 2435.5
92 | 521 | 1951 | 984 | 2443
93 | 525 | 1957 | 987 | 2450.5
94 | 529 | 1963 | 990 | 2458
95 | 533 | 1969 | 993 | 2465.5
96 | 537 | 1975 | 996 | 2473
97 | 541 | 1981 | 999 | 2480.5
98 | 545 | 1987 | 1002 | 2488
99 | 549 | 1993 | 1005 | 2495.5
100 | 553 | 1999 | 1008 | 2503
101 | 557 | 2005 | 1011 | 2510.5
102 | 561 | 2011 | 1014 | 2518
103 | 565 | 2017 | 1017 | 2525.5
104 | 569 | 2023 | 1020 | 2533
105 | 573 | 2029 | 1023 | 2540.5
106 | 577 | 2035 | 1026 | 2548
107 | 581 | 2041 | 1029 | 2555.5
108 | 585 | 2047 | 1032 | 2563
109 | 589 | 2053 | 1035 | 2570.5
110 | 593 | 2059 | 1038 | 2578
111 | 597 | 2065 | 1041 | 2585.5
112 | 601 | 2071 | 1044 | 2593
113 | 605 | 2077 | 1047 | 2600.5
114 | 609 | 2083 | 1050 | 2608
115 | 613 | 2089 | 1053 | 2615.5
Lv | HP | Attack | Defense | BP
